1234501 51 61 71 81 65
1234502 52 62 72 82 66
1234503 53 63 73 83 67
1234504 11 22 55 44 31
1234505 99 84 96 98 93
1234506 51 61 71 81 65
1234507 52 62 72 82 66
1234508 53 63 73 83 67
1234509 11 22 55 44 31
1234510 99 84 96 98 93
1234511 51 61 71 81 65
1234512 52 62 72 82 66
1234513 53 63 73 83 67
1234514 11 22 55 44 31
1234515 99 84 96 98 93
1234516 51 61 71 81 65
1234517 52 62 72 82 66
1234518 53 63 73 83 67
1234519 11 22 55 44 31
1234520 99 84 96 98 93
1234521 51 61 71 81 65
1234522 52 62 72 82 66
1234523 53 63 73 83 67
1234524 53 63 73 83 67 
1234525 99 84 96 98 93